1e-06
1e-06
1e-06
1e-06
1e-06
1e-06
1e-06
1e-06
1e-06
1e-06
1e-06
1e-06
8.41356e+06
1.60925e+07
2.10035e+07
2.4115e+07
2.30499e+07
1.71385e+07
1.46912e+07
1.1759e+07
7.41787e+06
1e-06
1e-06
1.17815e+07
2.43588e+07
3.12658e+07
3.36793e+07
3.57893e+07
3.56429e+07
3.25704e+07
2.76417e+07
1.73264e+07
1e-06
1e-06
1.62231e+07
2.96857e+07
3.70545e+07
3.94621e+07
4.36327e+07
4.71183e+07
4.29784e+07
3.64018e+07
2.21724e+07
1e-06
1e-06
1.91864e+07
2.89768e+07
4.02707e+07
4.65317e+07
5.03197e+07
4.9466e+07
4.62287e+07
3.78755e+07
2.02079e+07
1e-06
1e-06
1.728e+07
2.56949e+07
3.92917e+07
5.38366e+07
5.19412e+07
4.87893e+07
4.62662e+07
3.68998e+07
1.77472e+07
1e-06
1e-06
1.50876e+07
2.47554e+07
3.8866e+07
5.32942e+07
4.96734e+07
4.61512e+07
4.39518e+07
3.53246e+07
1.5855e+07
1e-06
1e-06
1.50476e+07
2.63872e+07
3.75218e+07
4.78264e+07
4.48832e+07
4.18958e+07
4.01372e+07
3.38424e+07
1.52495e+07
1e-06
1e-06
1.88235e+07
2.60665e+07
3.09659e+07
3.60242e+07
3.54776e+07
3.33175e+07
3.19521e+07
2.95127e+07
1.72857e+07
1e-06
1e-06
1.42027e+07
1.92934e+07
1.94612e+07
1.66923e+07
1.76876e+07
1.9418e+07
1.944e+07
1.94237e+07
1.55955e+07
1e-06
1e-06
1e-06
1e-06
1e-06
1e-06
1e-06
1e-06
1e-06
1e-06
1e-06
1e-06
