1.46918e-15
9.39061e-16
1.59645e-15
1.61312e-15
7.89e-16
1.2925e-15
1.87286e-15
1.61531e-15
2.19083e-15
1.9868e-15
2.24402e-15
1.27211e-15
1.60678e-15
3.16484e-15
1.7537e-15
9.80642e-16
8.91326e-16
9.99735e-16
9.73713e-16
9.63308e-16
1.58916e-15
1.0023e-15
1.14541e-15
3.67145e-15
2.36553e-15
7.78373e-16
6.64089e-16
1.10814e-15
7.57013e-16
6.9013e-16
1.07358e-15
1.14197e-15
1.0679e-15
1.87642e-15
1.44277e-15
1.00361e-15
1.46244e-15
1.8038e-15
1.21723e-15
1.16319e-15
1.18176e-15
2.19366e-15
1.00757e-15
4.6923e-16
8.22123e-16
2.13317e-15
2.95092e-15
1.14686e-15
9.65601e-16
1.60688e-15
2.831e-15
3.82515e-15
1.3195e-15
3.93031e-16
5.34932e-16
1.765e-15
3.85639e-15
1.63589e-15
1.25748e-15
1.89112e-15
3.07524e-15
2.29468e-15
9.04132e-16
3.90275e-16
7.80856e-16
2.42928e-15
4.59215e-15
1.70519e-15
1.21313e-15
2.46148e-15
1.02848e-15
1.31354e-15
1.143e-15
4.88296e-16
7.19502e-16
1.98567e-15
3.62504e-15
1.28316e-15
7.1722e-16
1.29223e-15
4.33075e-16
9.60524e-16
1.21369e-15
7.08976e-16
8.38256e-16
1.52532e-15
3.21346e-15
1.51263e-15
5.40086e-16
5.64025e-16
7.78194e-16
8.49366e-16
7.92067e-16
1.19543e-15
1.76874e-15
1.70884e-15
2.64022e-15
1.48139e-15
4.15351e-16
5.32067e-16
