3.40145e-17
-2.20864e-18
-2.53285e-17
3.21848e-17
2.54365e-18
1.84733e-17
3.15211e-18
8.2083e-19
-4.61825e-18
-1.11516e-17
3.16861e-18
-6.23246e-18
2.9312e-17
6.53332e-18
6.23832e-17
-5.86423e-19
3.02772e-18
1.65643e-18
-3.88129e-18
3.99699e-18
4.98308e-18
-3.18781e-19
-2.76052e-18
7.07732e-18
-4.31998e-17
-9.68388e-18
-7.61204e-18
-5.2994e-18
1.50028e-17
-5.43283e-18
1.3995e-17
5.32258e-18
5.38126e-18
3.12443e-17
-1.78783e-17
-1.13252e-18
-3.041e-17
-5.6275e-18
-9.28551e-20
-7.94152e-18
-3.14149e-17
1.30267e-17
1.01655e-17
-2.04839e-18
1.79027e-17
-1.38055e-17
2.51024e-17
-4.90128e-18
1.03815e-18
-5.69495e-19
-7.30117e-17
4.65307e-18
-1.33026e-18
2.8818e-19
1.69362e-18
6.33382e-18
1.11135e-17
2.85611e-17
-9.31786e-18
6.94342e-18
-1.37667e-17
-5.75999e-17
-1.26453e-17
-4.1684e-19
-1.75495e-17
-3.82355e-17
-1.0103e-17
-2.56565e-17
1.42036e-17
7.79228e-18
-9.61494e-18
-9.47338e-19
2.15909e-17
4.06013e-18
1.54987e-17
5.56371e-17
-1.0876e-17
-1.09082e-18
3.76701e-18
1.29494e-17
9.66238e-19
2.34271e-17
-1.26785e-17
2.90274e-18
-1.4026e-17
-1.30613e-17
1.49332e-18
1.66442e-17
-1.69254e-18
2.78581e-18
-1.28442e-17
4.07484e-18
-1.52642e-18
-1.6848e-17
-3.67387e-18
6.24767e-18
8.21944e-18
-1.88296e-17
-4.59927e-18
-3.55212e-18
