1.4345e-15
9.17596e-16
1.59765e-15
1.62382e-15
7.89613e-16
1.30562e-15
1.8664e-15
1.6006e-15
2.19758e-15
2.02212e-15
2.24447e-15
1.28789e-15
1.63693e-15
3.14656e-15
1.7388e-15
9.84189e-16
8.58929e-16
9.73884e-16
9.2169e-16
9.3237e-16
1.60176e-15
1.02682e-15
1.19414e-15
3.76243e-15
2.50006e-15
7.95085e-16
6.66554e-16
1.07014e-15
7.54736e-16
7.01254e-16
1.08018e-15
1.14304e-15
1.07346e-15
1.73535e-15
1.44573e-15
9.72714e-16
1.43379e-15
1.79762e-15
1.226e-15
1.15414e-15
1.20905e-15
2.15153e-15
1.03662e-15
4.62823e-16
8.50962e-16
2.19253e-15
2.97882e-15
1.17548e-15
9.81063e-16
1.61296e-15
2.83492e-15
3.87255e-15
1.38822e-15
4.06757e-16
5.5784e-16
1.8695e-15
3.87388e-15
1.6841e-15
1.26873e-15
1.89238e-15
2.98479e-15
2.24573e-15
9.27689e-16
3.93256e-16
8.19736e-16
2.54529e-15
4.64039e-15
1.77744e-15
1.22532e-15
2.46943e-15
1.00286e-15
1.32349e-15
1.14572e-15
4.93208e-16
7.36871e-16
2.04482e-15
3.65293e-15
1.35065e-15
7.18684e-16
1.25581e-15
4.30388e-16
9.74589e-16
1.2001e-15
7.0907e-16
8.1449e-16
1.57047e-15
3.23113e-15
1.58557e-15
5.47466e-16
5.60598e-16
7.38238e-16
8.35354e-16
7.86273e-16
1.2031e-15
1.7607e-15
1.7016e-15
2.62266e-15
1.54408e-15
4.30885e-16
5.595e-16
